! 6 6
" 16 14
# 34 18
$ 56 18
% 78 22
& 106 22
' 132 6
( 142 10
) 156 10
* 170 22
+ 196 18
, 220 6
- 230 14
. 248 6
/ 258 22
0 284 18
1 306 10
2 320 18
3 342 18
4 364 18
5 386 18
6 408 18
7 430 18
8 452 18
9 474 18
: 496 6
; 506 6
< 516 14
= 534 14
> 552 14
? 570 18
@ 592 18
A 614 18
B 636 18
C 658 18
D 680 18
E 702 18
F 724 18
G 746 18
H 768 18
I 790 6
J 800 18
K 822 20
L 846 18
M 868 22
N 899 18
O 921 18
P 943 18
Q 965 18
R 987 18
S 1009 18
T 1031 18
U 1053 18
V 1075 18
W 1097 22
X 1123 18
Y 1145 18
Z 1167 18
[ 1189 10
\ 1203 22
] 1229 10
^ 1243 22
_ 1269 14
` 1287 8
a 1299 18
b 1321 18
c 1343 18
d 1365 18
e 1387 18
f 1409 14
g 1427 18
h 1449 18
i 1473 6
j 1483 10
k 1497 18
l 1519 6
m 1529 22
n 1555 18
o 1577 18
p 1599 18
q 1621 18
r 1643 18
s 1665 18
t 1687 18
u 1709 18
v 1731 18
w 1753 22
x 1779 18
y 1801 18
z 1823 18
{ 1845 14
| 1863 6
} 1873 14
~ 1891 26