! 3 4
" 11 10
# 25 14
$ 43 12
% 59 14
& 77 14
' 95 6
( 105 8
) 117 8
* 129 16
+ 149 12
, 167 6
- 177 12
. 193 4
/ 201 14
0 219 14
1 237 8
2 249 12
3 265 12
4 281 14
5 299 12
6 315 12
7 331 12
8 347 12
9 363 12
: 379 4
; 387 6
< 397 10
= 411 12
> 429 10
? 443 12
@ 459 14
A 477 12
B 493 12
C 509 12
D 525 12
E 541 12
F 557 12
G 573 12
H 589 12
I 605 8
J 617 12
K 633 14
L 651 12
M 667 14
N 685 14
O 703 12
P 719 12
Q 735 12
R 751 12
S 767 12
T 783 12
U 799 12
V 815 12
W 831 14
X 849 14
Y 867 12
Z 883 14
[ 900 8
\ 912 14
] 930 8
^ 942 12
_ 958 16
` 978 6
a 988 12
b 1004 12
c 1020 12
d 1036 12
e 1052 12
f 1068 12
g 1084 12
h 1100 12
i 1116 4
j 1124 10
k 1138 12
l 1154 4
m 1162 20
n 1186 12
o 1202 12
p 1218 12
q 1234 12
r 1250 12
s 1266 12
t 1282 12
u 1298 12
v 1314 12
w 1330 20
x 1354 14
y 1372 12
z 1388 12
{ 1404 12
| 1420 4
} 1428 12
~ 1444 14

Process finished with exit code 1
